1 0.01 192
1 0.002512 226
1 0.001 225
1 0.001 225
1 0.0006 192
1 0.00236181 781
2 0.00062228 225
2 0.00062228 226
2 0.0006 225
2 0.00062227 226
1 0.0005 370
2 0.00062227 225
2 0.0003 225
2 0.00060266 225
2 0.0006 469
1 0.0004 333
2 0.0006 225
2 0.0004 334
2 0.0006 225
2 0.0004 335
2 0.00059466 223
2 0.0002008 192
2 0.0002 192
2 0.0006 226
1 0.000256 256
1 0.00018464 192
2 0.0006 226
1 0.00045 487
2 0.0006 226
1 0.00015921 189
2 0.0009876 372
1 0.000364 438
2 0.00050765 192
2 0.0001784 223
2 0.00013954 192
2 0.0005 192
1 0.00013665 191
1 0.00028709 404
2 0.00056425 225
2 0.0001348 191
2 0.00056425 225
2 0.0001332 189
2 0.0001582 225
2 0.0001582 225
2 0.00056425 225
2 0.0001582 225
2 0.00056425 225
2 0.0001582 225
2 0.00056425 225
1 0.0001582 225
2 0.00056425 225
2 0.0001582 226
2 0.00056425 225
1 0.0001582 226
2 0.00056425 225
1 0.0001582 226
2 0.00056425 226
2 0.0001582 226
2 0.0001582 226
1 0.00025564 369
2 0.00025564 369
2 0.00056425 226
2 0.00025564 372
1 0.00015384 226
2 0.0005243 225
1 0.0004 594
2 0.00015 226
1 0.000244 372
2 0.00050742 226
2 0.0001469 224
1 0.000147 225
2 0.0005 225
1 0.000147 225
2 0.0005 225
1 0.00012543 192
2 0.00043392 665
2 0.0001469 226
2 0.00023938 369
2 0.0005 226
2 0.00023938 369
2 0.0005 226
2 0.00023938 370
2 0.00021513 334
2 0.00056362 255
2 0.00023938 372
2 0.00014315 225
2 0.0005 260
1 0.00014303 225
2 0.0012 635
1 0.00014299 225
2 0.00014299 225
2 0.00016332 257
1 0.00014117 223
1 0.000143 226
2 0.0006 336
2 0.00106002 1697
2 0.0006 335
2 0.00018353 294
2 0.0006 336
2 0.0002 334
2 0.00029033 486
1 0.0002 335
1 0.0002 336
2 0.0006 366
2 0.0002 336
2 0.00013142 225
2 0.0006 369
2 0.00013142 226
2 0.0006 370
1 0.0003685 634
1 0.00012737 225
2 0.0006 372
2 0.00012737 225
2 0.0006 372
2 0.0001243 223
2 0.0001243 223
2 0.0006 373
1 0.0001243 224
1 0.0002057 372
2 0.00047401 301
2 0.0002057 372
2 0.00062 373
2 0.0001243 225
2 0.0005 289
2 0.0001243 225
2 0.0005 289
2 0.0001243 225
2 0.0005 289
2 0.0001243 225
2 0.0005 289
2 0.0001243 225
2 0.00062 404
2 0.0001243 225
2 0.0005 333
2 0.0001243 225
2 0.000559 373
1 0.0001243 225
1 0.0001243 225
2 0.0001243 225
1 0.0002871 520
2 0.0006 403
2 0.0002057 373
2 0.0006 403
1 0.0002057 373
2 0.0006 403
1 0.0002057 373
2 0.0006 406
2 0.0004499 816
2 0.0006 406
1 0.0002871 521
2 0.00163609 1109
1 0.0001243 226
2 0.0001243 226
2 0.0006 407
2 0.0001243 226
1 0.0002 191
2 0.00032844 226
2 0.0001243 226
2 0.0003243 226
2 0.0002057 374
2 0.00062 436
2 0.0002871 522
2 0.0003099 225
2 0.0001243 226
2 0.0006 437
2 0.0001243 226
2 0.0006 440
2 0.0001243 226
2 0.00067568 496
2 0.0002 374
2 0.0005 369
1 0.0001 191
2 0.0005 369
1 0.0001 191
1 0.0001 191
2 0.0005 373
1 0.0001 191
2 0.0005 374
1 0.0001 191
2 0.0003 225
2 0.0003 224
1 0.0001 191
1 0.0001 191
2 0.0003 225
1 0.0001 191
2 0.0003 225
1 0.0001 191
1 0.0001 191
2 0.0003 225
1 0.0001 191
2 0.0003 225
1 0.0001 191
1 0.0001 191
1 0.0001 192
2 0.0001 192
1 0.0001 192
1 0.0001 192
2 0.0006 467
1 0.0001 192
2 0.0006 471
1 0.0001 192
2 0.0006 474
1 0.0001 192
2 0.0006512 519
1 0.0001 192
2 0.0015455 1258
1 0.0001 192
1 0.0001 192
2 0.0004 332
1 0.0001 192
2 0.0004 332
1 0.000289 577
2 0.0004 332
1 0.00009436 191
1 0.0001243 258
1 0.0001243 258
2 0.0004 333
1 0.0001243 258
1 0.0001243 258
1 0.0001243 258
2 0.0004 334
1 0.0001243 258
1 0.0001243 257
1 0.0001243 258
1 0.0001243 257
1 0.0001243 258
1 0.0001243 258
2 0.0004 334
1 0.0002 191
2 0.0004 334
2 0.0001243 258
2 0.0004 334
1 0.0001243 258
2 0.0004 334
1 0.0001243 258
2 0.0004 334
1 0.0001243 258
2 0.0004 333
2 0.0001243 258
2 0.0004 334
1 0.0001243 258
1 0.0001243 258
2 0.0004 334
1 0.0001243 258
2 0.0004 334
1 0.0001243 258
2 0.0004 334
1 0.0001243 258
2 0.0004 334
1 0.0001243 258
2 0.0004 334
1 0.0001243 258
2 0.0004 335
1 0.0001243 258
2 0.0004 335
1 0.0001243 258
2 0.0004 335
1 0.0001243 226
2 0.0004 335
2 0.0002057 372
2 0.0004 335
1 0.0001243 258
2 0.0004 335
1 0.0001243 258
2 0.0004 335
2 0.0004 335
1 0.0001243 258
1 0.0001243 258
2 0.0004 335
2 0.0001243 258
2 0.0004 335
2 0.0001243 258
1 0.0001243 258
2 0.0004 334
1 0.0001243 258
2 0.0004 335
1 0.0001243 258
2 0.0004 335
2 0.0004 334
2 0.00025 520
2 0.0004 334
2 0.000107 223
2 0.0004 334
2 0.00014315 192
2 0.00025 522
2 0.0004 335
1 0.00125424 2529
1 0.0004499 944
1 0.00040527 851
2 0.0002057 373
2 0.0004 335
